0119
0118
0117
0116
0115
0114
0113
0112
0111
0110
0109
0108
0107
0106
0105
0104
0103
0102
0101
0121
0100
0099
0098
0097
0096
0095
0122
0094
0093
0092
0091
0090
0089
0088
0087
0086
0085
0084
0083
0082
0081
0080
0079
0078
0077
0076
0075
0074
0073
0072
0071
0070
0069
0068
0067
0066
0065
0064
0063
0062
0061
0060
0059
0120
0058
0057
0000
0056
0055
0054
0053
0052
0051
0050
0049
0048
0047
0046
0045
0044
0043
0042
0041
0040
0039
0038
0037
0036
0035
0034
0033
0032
0031
0030
0029
0028
0027
0026
0025
0024
0023
0022
0021
0020
0019
0018
0017
0016
0015
0014
0013
0012
0011
0010
0009
0008
0007
0006
0005
0004
0003
0002
0001
